30	0	315	33	3000	4911489
60	0	315	33	3000	4911489
90	0	315	33	3000	4911489
120	0	315	33	3000	4911489
150	0	315	33	3000	4911489
180	0	315	33	3000	4911489
210	0	315	33	3000	4911489
240	0	315	33	3000	4911489
270	0	315	33	3000	4911489
300	0	315	33	3000	4911489
330	0	315	33	3000	4911489
360	0	315	33	3000	4911489
390	0	315	33	3000	4911489
420	0	315	33	3000	4911489
450	0	315	33	3000	4911489
480	0	315	33	3000	4911489
510	0	315	33	3000	4911489
540	0	315	33	3000	4911489
570	0	315	33	3000	4911489
600	0	315	33	3000	4911489
630	0	315	33	3000	4911489
660	0	315	33	3000	4911489
690	0	315	33	3000	4911489
720	0	315	33	3000	4911489
750	0	315	33	3000	4911489
780	0	315	33	3000	4911489
810	0	315	33	3000	4911489
840	0	315	33	3000	4911489
870	0	315	33	3000	4911489
900	0	315	33	3000	4911489
930	0	315	33	3000	4911489
960	0	315	33	3000	4911489
990	0	315	33	3000	4911489
1020	0	315	33	3000	4911489
1050	0	315	33	3000	4911489
1080	0	315	33	3000	4911489
1110	0	315	33	3000	4911489
1140	0	315	33	3000	4911489
1170	0	315	33	3000	4911489
1200	0	315	33	3000	4911489
1230	0	315	33	3000	4911489
1260	0	315	33	3000	4911489
1290	0	315	33	3000	4911489
1320	0	315	33	3000	4911489
1350	0	315	33	3000	4911489
1380	0	315	33	3000	4911489
1410	0	315	33	3000	4911489
1440	0	315	33	3000	4911489
1470	0	315	33	3000	4911489
1500	0	315	33	3000	4911489
1530	0	315	33	3000	4911489
1560	0	315	33	3000	4911489
1590	0	315	33	3000	4911489
1620	0	315	33	3000	4911489
1650	0	315	33	3000	4911489
1680	0	315	33	3000	4911489
1710	0	315	33	3000	4911489
1740	0	315	33	3000	4911489
1770	0	315	33	3000	4911489
1800	0	315	33	3000	4911489
1830	0	315	33	3000	4911489
1860	0	315	33	3000	4911489
1890	0	315	33	3000	4911489
1920	0	315	33	3000	4911489
1950	0	315	33	3000	4911489
1980	0	315	33	3000	4911489
2010	0	315	33	3000	4911489
2040	0	315	33	3000	4911489
2070	0	315	33	3000	4911489
2100	0	315	33	3000	4911489
2130	0	315	33	3000	4911489
2160	0	315	33	3000	4911489
2190	0	315	33	3000	4911489
2220	0	315	33	3000	4911489
2250	0	315	33	3000	4911489
2280	0	315	33	3000	4911489
2310	0	315	33	3000	4911489
2340	0	315	33	3000	4911489
2370	0	315	33	3000	4911489
2400	0	315	33	3000	4911489
2430	0	315	33	3000	4911489
2460	0	315	33	3000	4911489
2490	0	315	33	3000	4911489
2520	0	315	33	3000	4911489
2550	0	315	33	3000	4911489
2580	0	315	33	3000	4911489
2610	0	315	33	3000	4911489
2640	0	315	33	3000	4911489
2670	0	315	33	3000	4911489
2700	0	315	33	3000	4911489
2730	0	315	33	3000	4911489
2760	0	315	33	3000	4911489
2790	0	315	33	3000	4911489
2820	0	315	33	3000	4911489
2850	0	315	33	3000	4911489
2880	0	315	33	3000	4911489
2910	0	315	33	3000	4911489
2940	0	315	33	3000	4911489
2970	0	315	33	3000	4911489
3000	0	315	33	3000	4911489
3030	0	315	33	3000	4911489
3060	0	315	33	3000	4911489
3090	0	315	33	3000	4911489
3120	0	315	33	3000	4911489
3150	0	315	33	3000	4911489
3180	0	315	33	3000	4911489
3210	0	315	33	3000	4911489
3240	0	315	33	3000	4911489
3270	0	315	33	3000	4911489
3300	0	315	33	3000	4911489
3330	0	315	33	3000	4911489
3360	0	315	33	3000	4911489
3390	0	315	33	3000	4911489
3420	0	315	33	3000	4911489
3450	0	315	33	3000	4911489
3480	0	315	33	3000	4911489
3510	0	315	33	3000	4911489
3540	0	315	33	3000	4911489
3570	0	315	33	3000	4911489
3600	0	315	33	3000	4911489
3630	0	315	33	3000	4911489
3660	0	315	33	3000	4911489
3690	0	315	33	3000	4911489
3720	0	315	33	3000	4911489
3750	0	315	33	3000	4911489
3780	0	315	33	3000	4911489
3810	0	315	33	3000	4911489
3840	0	315	33	3000	4911489
3870	0	315	33	3000	4911489
3900	0	315	33	3000	4911489
3930	0	315	33	3000	4911489
3960	0	315	33	3000	4911489
3990	0	315	33	3000	4911489
4020	0	315	33	3000	4911489
4050	0	315	33	3000	4911489
4080	0	315	33	3000	4911489
4110	0	315	33	3000	4911489
4140	0	315	33	3000	4911489
4170	0	315	33	3000	4911489
4200	0	315	33	3000	4911489
4230	0	315	33	3000	4911489
4260	0	315	33	3000	4911489
4290	0	315	33	3000	4911489
4320	0	315	33	3000	4911489
4350	0	315	33	3000	4911489
4380	0	315	33	3000	4911489
4410	0	315	33	3000	4911489
4440	0	315	33	3000	4911489
4470	0	315	33	3000	4911489
4500	0	315	33	3000	4911489
4530	0	315	33	3000	4911489
4560	0	315	33	3000	4911489
4590	0	315	33	3000	4911489
4620	0	316	33	3000	4911489
4650	0	316	33	3000	4911489
4680	0	316	33	3000	4911489
4710	0	316	33	3000	4911489
4740	0	316	33	3000	4911489
4770	0	316	33	3000	4911489
4800	0	316	33	3000	4911489
4830	0	316	33	3000	4911489
4860	0	316	33	3000	4911489
4890	0	316	33	3000	4911489
4920	0	316	33	3000	4911489
4950	0	316	33	3000	4911489
4980	0	316	33	3000	4911489
5010	0	316	33	3000	4911489
5040	0	316	33	3000	4911489
5070	0	316	33	3000	4911489
5100	0	316	33	3000	4911489
5130	0	316	33	3000	4911489
5160	0	316	33	3000	4911489
5190	0	316	33	3000	4911489
5220	0	316	33	3000	4911489
5250	0	316	33	3000	4911489
5280	0	316	33	3000	4911489
5310	0	316	33	3000	4911489
5340	0	316	33	3000	4911489
5370	0	316	33	3000	4911489
5400	0	316	33	3000	4911489
5430	0	316	33	3000	4911489
5460	0	316	33	3000	4911489
5490	0	316	33	3000	4911489
5520	0	316	33	3000	4911489
5550	0	316	33	3000	4911489
5580	0	316	33	3000	4911489
5610	0	316	33	3000	4911489
5640	0	316	33	3000	4911489
5670	0	316	33	3000	4911489
5700	0	316	33	3000	4911489
5730	0	316	33	3000	4911489
5760	0	316	33	3000	4911489
5790	0	316	33	3000	4911489
5820	0	316	33	3000	4911489
5850	0	316	33	3000	4911489
5880	0	316	33	3000	4911489
5910	0	316	33	3000	4911489
5940	0	316	33	3000	4911489
5970	0	316	33	3000	4911489
6000	0	316	33	3000	4911489
6030	0	316	33	3000	4911489
6060	0	316	33	3000	4911489
6090	0	316	33	3000	4911489
6120	0	316	33	3000	4911489
6150	0	316	33	3000	4911489
6180	0	316	33	3000	4911489
6210	0	316	33	3000	4911489
6240	0	316	33	3000	4911489
6270	0	316	33	3000	4911489
6300	0	316	33	3000	4911489
6330	0	316	33	3000	4911489
6360	0	316	33	3000	4911489
6390	0	316	33	3000	4911489
6420	0	316	33	3000	4911489
6450	0	316	33	3000	4911489
6480	0	316	33	3000	4911489
6510	0	316	33	3000	4911489
6540	0	316	33	3000	4911489
6570	0	316	33	3000	4911489
6600	0	316	33	3000	4911489
6630	0	316	33	3000	4911489
6660	0	316	33	3000	4911489
6690	0	316	33	3000	4911489
6720	0	316	33	3000	4911489
6750	0	316	33	3000	4911489
6780	0	316	33	3000	4911489
6810	0	316	33	3000	4911489
6840	0	316	33	3000	4911489
6870	0	316	33	3000	4911489
6900	0	316	33	3000	4911489
6930	0	316	33	3000	4911489
6960	0	316	33	3000	4911489
6990	0	316	33	3000	4911489
7020	0	316	33	3000	4911489
7050	0	316	33	3000	4911489
7080	0	316	33	3000	4911489
7110	0	316	33	3000	4911489
7140	0	316	33	3000	4911489
7170	0	316	33	3000	4911489
7200	0	316	33	3000	4911489
7230	0	316	33	3000	4911489
7260	0	316	33	3000	4911489
7290	0	316	33	3000	4911489
7320	0	316	33	3000	4911489
7350	0	317	33	3000	4911489
7380	0	316	33	3000	4911489
7410	0	316	33	3000	4911489
7440	0	316	33	3000	4911489
7470	0	316	33	3000	4911489
7500	0	316	33	3000	4911489
7530	0	316	33	3000	4911489
7560	0	316	33	3000	4911489
7590	0	316	33	3000	4911489
7620	0	317	33	3000	4911489
7650	0	316	33	3000	4911489
7680	0	316	33	3000	4911489
7710	0	316	33	3000	4911489
7740	0	316	33	3000	4911489
7770	0	316	33	3000	4911489
7800	0	316	33	3000	4911489
7830	0	316	33	3000	4911489
7860	0	317	33	3000	4911489
7890	0	317	33	3000	4911489
7920	0	316	33	3000	4911489
7950	0	316	33	3000	4911489
7980	0	316	33	3000	4911489
8010	0	316	33	3000	4911489
8040	0	316	33	3000	4911489
8070	0	316	33	3000	4911489
8100	0	316	33	3000	4911489
8130	0	316	33	3000	4911489
8160	0	316	33	3000	4911489
8190	0	316	33	3000	4911489
8220	0	316	33	3000	4911489
8250	0	317	33	3000	4911489
8280	0	317	33	3000	4911489
8310	0	316	33	3000	4911489
8340	0	316	33	3000	4911489
8370	0	316	33	3000	4911489
8400	0	316	33	3000	4911489
8430	0	316	33	3000	4911489
8460	0	316	33	3000	4911489
8490	0	316	33	3000	4911489
8520	0	316	33	3000	4911489
8550	0	316	33	3000	4911489
8580	0	316	33	3000	4911489
8610	0	316	33	3000	4911489
8640	0	316	33	3000	4911489
8670	0	316	33	3000	4911489
8700	0	316	33	3000	4911489
8730	0	316	33	3000	4911489
8760	0	316	33	3000	4911489
8790	0	317	33	3000	4911489
8820	0	317	33	3000	4911489
8850	0	316	33	3000	4911489
8880	0	316	33	3000	4911489
8910	0	316	33	3000	4911489
8940	0	316	33	3000	4911489
8970	0	316	33	3000	4911489
9000	0	316	33	3000	4911489
9030	0	316	33	3000	4911489
9060	0	316	33	3000	4911489
9090	0	316	33	3000	4911489
9120	0	316	33	3000	4911489
9150	0	316	33	3000	4911489
9180	0	316	33	3000	4911489
9210	0	316	33	3000	4911489
9240	0	316	33	3000	4911489
9270	0	316	33	3000	4911489
9300	0	316	33	3000	4911489
9330	0	316	33	3000	4911489
9360	0	316	33	3000	4911489
9390	0	316	33	3000	4911489
9420	0	316	33	3000	4911489
9450	0	316	33	3000	4911489
9480	0	316	33	3000	4911489
9510	0	316	33	3000	4911489
9540	0	316	33	3000	4911489
9570	0	316	33	3000	4911489
9600	0	316	33	3000	4911489
9630	0	316	33	3000	4911489
9660	0	316	33	3000	4911489
9690	0	316	33	3000	4911489
9720	0	316	33	3000	4911489
9750	0	316	33	3000	4911489
9780	0	316	33	3000	4911489
9810	0	316	33	3000	4911489
9840	0	316	33	3000	4911489
9870	0	316	33	3000	4911489
9900	0	316	33	3000	4911489
9930	0	316	33	3000	4911489
9960	0	316	33	3000	4911489
9990	0	316	33	3000	4911489
10020	0	316	33	3000	4911489
10050	0	316	33	3000	4911489
10080	0	316	33	3000	4911489
10110	0	369	26	3000	9705812
10140	0	472	33	3000	9705812
10170	0	472	33	3000	9705812
10200	0	472	33	3000	9705812
10230	0	472	33	3000	9705812
