30	0	2913	124.8703	3000	23328204
60	0	2908	118.1308	3000	24616776
90	0	2909	115.3512	3000	25218640
120	0	2902	112.9145	3000	25700860
150	1	2539	99.87545	3000	25421662
180	1	2549	100.2688	3000	25421662
210	1	2522	99.15612	3000	25434638
240	1	2545	100.0604	3000	25434638
270	1	2548	100.1783	3000	25434638
300	1	2500	99.08917	3000	25229800
330	1	2520	99.88189	3000	25229800
360	1	2532	99.97263	3000	25326932
390	1	2523	99.61728	3000	25326932
420	1	2552	100.1755	3000	25475286
450	1	2548	100.0185	3000	25475286
480	1	2547	99.71024	3000	25544018
510	1	2556	100.0626	3000	25544018
540	1	2543	99.64975	3000	25519382
570	1	2550	99.92405	3000	25519382
600	1	2556	100.1592	3000	25519382
630	1	2567	99.97809	3000	25675626
660	1	2571	100.1339	3000	25675626
690	1	2536	99.28894	3000	25541616
720	1	2555	100.0328	3000	25541616
750	1	2560	100.0386	3000	25590118
780	1	2553	99.76508	3000	25590118
810	1	2577	100.0515	3000	25756724
840	1	2576	100.0127	3000	25756724
870	1	2575	99.96362	3000	25759370
900	1	2576	100.0024	3000	25759370
930	1	2586	99.89347	3000	25887578
960	1	2590	100.048	3000	25887578
990	1	2539	98.58662	3000	25754000
1020	1	2579	100.1398	3000	25754000
1050	1	2574	99.94564	3000	25754000
1080	1	2566	100.1027	3000	25633674
1110	1	2562	99.94666	3000	25633674
1140	1	2564	100.1081	3000	25612320
1170	1	2569	100.3033	3000	25612320
1200	1	2571	100.0359	3000	25700776
1230	1	2571	100.0359	3000	25700776
1260	1	2560	99.97049	3000	25607556
1290	1	2564	100.1267	3000	25607556
1320	1	2581	100.0528	3000	25796376
1350	1	2583	100.1303	3000	25796376
1380	1	2581	99.69564	3000	25888794
1410	1	2593	100.1592	3000	25888794
1440	1	2557	98.43588	3000	25976300
1470	1	2601	100.1297	3000	25976300
1500	1	2604	100.2452	3000	25976300
1530	1	2599	100.0499	3000	25977042
1560	1	2600	100.0884	3000	25977042
1590	1	2602	100.0641	3000	26003340
1620	1	2601	100.0256	3000	26003340
1650	1	2621	100.0725	3000	26191008
1680	1	2615	99.84343	3000	26191008
1710	1	2628	100.0207	3000	26274562
1740	1	2635	100.2871	3000	26274562
1770	1	2620	99.71772	3000	26274166
1800	1	2635	100.2886	3000	26274166
1830	1	2602	99.03884	3000	26272520
1860	1	2623	99.83816	3000	26272520
1890	1	2631	100.1427	3000	26272520
1920	1	2625	99.95254	3000	26262464
1950	1	2625	99.95254	3000	26262464
1980	1	2626	100.0668	3000	26242460
2010	1	2624	99.99062	3000	26242460
2040	1	2612	99.97931	3000	26125406
2070	1	2621	100.3238	3000	26125406
2100	1	2602	99.98127	3000	26024874
2130	1	2601	99.94285	3000	26024874
2160	1	2569	99.35403	3000	25857030
2190	1	2577	99.66342	3000	25857030
2220	1	2583	99.89546	3000	25857030
2250	1	2589	100.0757	3000	25870408
2280	1	2590	100.1144	3000	25870408
2310	1	2576	100.0155	3000	25756000
2340	1	2578	100.0932	3000	25756000
2370	1	2565	99.90891	3000	25673388
2400	1	2561	99.7531	3000	25673388
2430	1	2562	99.84962	3000	25658584
2460	1	2568	100.0835	3000	25658584
2490	1	2527	99.13264	3000	25491100
2520	1	2548	99.95646	3000	25491100
2550	1	2551	100.0741	3000	25491100
2580	1	2521	99.5957	3000	25312338
2610	1	2527	99.83274	3000	25312338
2640	1	2511	99.6979	3000	25186088
2670	1	2520	100.0552	3000	25186088
2700	1	2551	99.93596	3000	25526348
2730	1	2560	100.2885	3000	25526348
2760	1	2531	99.16993	3000	25521850
2790	1	2547	99.79684	3000	25521850
2820	1	2626	102.8922	3000	25521850
2850	1	2573	100.1553	3000	25690096
2880	1	2569	99.99963	3000	25690096
2910	1	2567	100.0286	3000	25662656
2940	1	2562	99.83378	3000	25662656
2970	1	2564	100.1135	3000	25610928
3000	1	2561	99.99638	3000	25610928
3030	1	2556	99.85994	3000	25595850
3060	1	2565	100.2116	3000	25595850
3090	1	2541	99.77333	3000	25467728
3120	1	2543	99.85186	3000	25467728
3150	1	2537	99.22448	3000	25568288
3180	1	2557	100.0067	3000	25568288
3210	1	2555	99.92847	3000	25568288
3240	1	2548	99.64442	3000	25570924
3270	1	2559	100.0746	3000	25570924
3300	1	2576	100.1775	3000	25714352
3330	1	2570	99.94418	3000	25714352
3360	1	2535	99.78964	3000	25403438
3390	1	2539	99.94711	3000	25403438
3420	1	2548	99.83208	3000	25522858
3450	1	2556	100.1455	3000	25522858
3480	1	2555	99.62904	3000	25645134
3510	1	2565	100.019	3000	25645134
3540	1	2514	98.63021	3000	25489148
3570	1	2535	99.45409	3000	25489148
3600	1	2553	100.1603	3000	25489148
3630	1	2566	100.2028	3000	25608074
3660	1	2560	99.96847	3000	25608074
3690	1	2561	99.98544	3000	25613728
3720	1	2560	99.9464	3000	25613728
3750	1	2572	99.83335	3000	25762934
3780	1	2575	99.9498	3000	25762934
3810	1	2563	100.0128	3000	25626716
3840	1	2562	99.97379	3000	25626716
3870	1	2551	99.42934	3000	25656412
3900	1	2558	99.70217	3000	25656412
3930	1	2635	102.7034	3000	25972136
3960	1	2595	99.91477	3000	25972136
3990	1	2594	99.87627	3000	25972136
4020	1	2606	99.94092	3000	26075406
4050	1	2610	100.0943	3000	26075406
4080	1	2605	100.2894	3000	25974832
4110	1	2597	99.9814	3000	25974832
4140	1	2586	99.9822	3000	25864604
4170	1	2588	100.0595	3000	25864604
4200	1	2607	100.0843	3000	26048032
4230	1	2602	99.89238	3000	26048032
4260	1	2588	99.77153	3000	25939264
4290	1	2596	100.0799	3000	25939264
4320	1	2576	99.29154	3000	25943800
4350	1	2594	99.98535	3000	25943800
4380	1	2654	102.298	3000	26282164
4410	1	2630	100.0679	3000	26282164
4440	1	2625	99.87762	3000	26282164
4470	1	2668	100.29	3000	26602852
4500	1	2667	100.2524	3000	26602852
4530	1	2692	100.3222	3000	26833540
4560	1	2690	100.2477	3000	26833540
4590	1	2649	99.89806	3000	26517032
4620	1	2648	99.86034	3000	26517032
4650	1	2641	99.92715	3000	26429252
4680	1	2647	100.1542	3000	26429252
4710	1	2616	98.98123	3000	26429252
4740	1	2650	100.0888	3000	26476492
4770	1	2647	99.97548	3000	26476492
4800	1	2648	99.935	3000	26497224
4830	1	2648	99.935	3000	26497224
4860	1	2645	99.84125	3000	26492056
4890	1	2648	99.95449	3000	26492056
4920	1	2652	100.145	3000	26481600
4950	1	2650	100.0695	3000	26481600
4980	1	2650	100.0778	3000	26479400
5010	1	2650	100.0778	3000	26479400
5040	1	2594	99.78997	3000	25994596
5070	1	2598	99.94385	3000	25994596
5100	1	2552	99.00265	3000	25777088
5130	1	2584	100.2441	3000	25777088
5160	1	2584	100.2441	3000	25777088
5190	1	2584	100.2441	3000	25777088
5220	1	2584	100.2441	3000	25777088
5250	1	2584	100.2441	3000	25777088
5280	1	2584	100.2441	3000	25777088
5310	1	2584	100.2441	3000	25777088
5340	1	2584	100.2441	3000	25777088
5370	1	2584	100.2441	3000	25777088
5400	1	2584	100.2441	3000	25777088
5430	1	2584	100.2441	3000	25777088
5460	1	2584	100.2441	3000	25777088
5490	1	2584	100.2441	3000	25777088
5520	1	2584	100.2441	3000	25777088
5550	1	2584	100.2441	3000	25777088
5580	1	2584	100.2441	3000	25777088
5610	1	2584	100.2441	3000	25777088
5640	1	2584	100.2441	3000	25777088
5670	1	2584	100.2441	3000	25777088
5700	1	2584	100.2441	3000	25777088
5730	1	2584	100.2441	3000	25777088
5760	1	2584	100.2441	3000	25777088
5790	1	2584	100.2441	3000	25777088
5820	1	2584	100.2441	3000	25777088
5850	1	2584	100.2441	3000	25777088
5880	1	2584	100.2441	3000	25777088
5910	1	2584	100.2441	3000	25777088
5940	1	2584	100.2441	3000	25777088
5970	1	2584	100.2441	3000	25777088
6000	1	2584	100.2441	3000	25777088
6030	1	2584	100.2441	3000	25777088
6060	1	2584	100.2441	3000	25777088
6090	1	2584	100.2441	3000	25777088
6120	1	2584	100.2441	3000	25777088
6150	1	2584	100.2441	3000	25777088
6180	1	2584	100.2441	3000	25777088
6210	1	2584	100.2441	3000	25777088
6240	1	2584	100.2441	3000	25777088
6270	1	2584	100.2441	3000	25777088
6300	1	2584	100.2441	3000	25777088
6330	1	2584	100.2441	3000	25777088
6360	1	2584	100.2441	3000	25777088
6390	1	2584	100.2441	3000	25777088
6420	1	2584	100.2441	3000	25777088
6450	1	2584	100.2441	3000	25777088
