30	0	588	100	3000	1287783
60	0	591	99	3000	1287783
90	0	591	99	3000	1287783
120	0	588	100	3000	1287783
150	0	591	100	3000	1287783
180	0	589	99	3000	1287783
210	0	589	99	3000	1287783
240	0	590	99	3000	1287783
270	0	589	100	3000	1287783
300	0	589	99	3000	1287783
330	0	590	100	3000	1287783
360	0	588	99	3000	1287783
390	0	587	100	3000	1287783
420	0	590	100	3000	1287783
450	0	587	99	3000	1287783
480	0	591	99	3000	1287783
510	0	591	100	3000	1287783
540	0	586	99	3000	1287783
570	0	591	99	3000	1287783
600	0	587	100	3000	1287783
630	0	587	100	3000	1287783
660	0	591	99	3000	1287783
690	0	588	99	3000	1287783
720	0	591	99	3000	1287783
750	0	591	99	3000	1287783
780	0	589	100	3000	1287783
810	0	590	100	3000	1287783
840	0	589	100	3000	1287783
870	0	589	99	3000	1287783
900	0	589	99	3000	1287783
930	0	589	100	3000	1287783
960	0	588	99	3000	1287783
990	0	590	100	3000	1287783
1020	0	590	100	3000	1287783
1050	0	586	99	3000	1287783
1080	0	590	99	3000	1287783
1110	0	586	99	3000	1287783
1140	0	591	100	3000	1287783
1170	0	591	100	3000	1287783
1200	0	586	99	3000	1287783
1230	0	591	99	3000	1287783
1260	0	587	99	3000	1287783
1290	0	591	99	3000	1287783
1320	0	591	100	3000	1287783
1350	0	588	100	3000	1287783
1380	0	591	99	3000	1287783
1410	0	590	100	3000	1287783
1440	0	589	100	3000	1287783
1470	0	590	100	3000	1287783
1500	0	589	100	3000	1287783
1530	0	589	99	3000	1287783
1560	0	590	100	3000	1287783
1590	0	590	99	3000	1287783
1620	0	588	99	3000	1287783
1650	0	590	99	3000	1287783
1680	0	587	99	3000	1287783
1710	0	586	99	3000	1287783
1740	0	591	100	3000	1287783
1770	0	586	99	3000	1287783
1800	0	591	99	3000	1287783
1830	0	587	100	3000	1287783
1860	0	587	99	3000	1287783
1890	0	591	99	3000	1287783
1920	0	587	99	3000	1287783
1950	0	591	100	3000	1287783
1980	0	591	99	3000	1287783
2010	0	588	99	3000	1287783
2040	0	591	99	3000	1287783
2070	0	588	99	3000	1287783
2100	0	591	99	3000	1287783
2130	0	591	100	3000	1287783
2160	0	588	100	3000	1287783
2190	0	591	99	3000	1287783
2220	0	589	99	3000	1287783
2250	0	589	100	3000	1287783
2280	0	589	99	3000	1287783
2310	0	590	100	3000	1287783
2340	0	588	99	3000	1287783
2370	0	588	100	3000	1287783
2400	0	590	100	3000	1287783
2430	0	587	99	3000	1287783
2460	0	591	100	3000	1287783
2490	0	586	99	3000	1287783
2520	0	587	99	3000	1287783
2550	0	591	100	3000	1287783
2580	0	587	99	3000	1287783
2610	0	591	99	3000	1287783
2640	0	591	99	3000	1287783
2670	0	588	100	3000	1287783
2700	0	591	99	3000	1287783
2730	0	588	100	3000	1287783
2760	0	588	100	3000	1287783
2790	0	591	100	3000	1287783
2820	0	589	99	3000	1287783
2850	0	590	100	3000	1287783
2880	0	589	100	3000	1287783
2910	0	589	100	3000	1287783
2940	0	588	99	3000	1287783
2970	0	590	100	3000	1287783
3000	0	587	99	3000	1287783
3030	0	591	100	3000	1287783
3060	0	591	100	3000	1287783
3090	0	587	99	3000	1287783
3120	0	591	100	3000	1287783
3150	0	587	100	3000	1287783
3180	0	587	100	3000	1287783
3210	0	591	100	3000	1287783
3240	0	588	100	3000	1287783
3270	0	591	100	3000	1287783
3300	0	588	100	3000	1287783
3330	0	588	100	3000	1287783
3360	0	591	100	3000	1287783
3390	0	589	100	3000	1287783
3420	0	590	100	3000	1287783
3450	0	590	100	3000	1287783
3480	0	590	100	3000	1287783
3510	0	589	100	3000	1287783
3540	0	590	100	3000	1287783
3570	0	588	99	3000	1287783
3600	0	588	100	3000	1287783
3630	0	590	100	3000	1287783
3660	0	587	99	3000	1287783
3690	0	591	100	3000	1287783
3720	0	591	100	3000	1287783
3750	0	586	99	3000	1287783
3780	0	591	99	3000	1287783
3810	0	586	99	3000	1287783
3840	0	591	100	3000	1287783
3870	0	591	99	3000	1287783
3900	0	587	100	3000	1287783
3930	0	591	100	3000	1287783
3960	0	587	99	3000	1287783
3990	0	587	100	3000	1287783
4020	0	591	100	3000	1287783
4050	0	587	100	3000	1287783
4080	0	591	99	3000	1287783
4110	0	588	100	3000	1287783
4140	0	587	99	3000	1287783
4170	0	591	99	3000	1287783
4200	0	588	100	3000	1287783
4230	0	591	100	3000	1287783
4260	0	591	99	3000	1287783
4290	0	588	99	3000	1287783
4320	0	591	100	3000	1287783
4350	0	589	100	3000	1287783
4380	0	590	99	3000	1287783
4410	0	591	99	3000	1287783
4440	0	589	100	3000	1287783
4470	0	590	100	3000	1287783
4500	0	590	99	3000	1287783
4530	0	590	100	3000	1287783
4560	0	589	100	3000	1287783
4590	0	590	100	3000	1287783
4620	0	587	99	3000	1287783
4650	0	588	99	3000	1287783
4680	0	590	100	3000	1287783
4710	0	587	99	3000	1287783
4740	0	591	100	3000	1287783
4770	0	591	99	3000	1287783
4800	0	586	99	3000	1287783
4830	0	591	99	3000	1287783
4860	0	587	99	3000	1287783
4890	0	591	100	3000	1287783
4920	0	591	99	3000	1287783
4950	0	587	100	3000	1287783
4980	0	591	99	3000	1287783
5010	0	587	99	3000	1287783
5040	0	588	99	3000	1287783
5070	0	591	99	3000	1287783
5100	0	588	99	3000	1287783
5130	0	590	100	3000	1287783
5160	0	589	99	3000	1287783
5190	0	589	100	3000	1287783
5220	0	588	99	3000	1287783
5250	0	590	100	3000	1287783
5280	0	587	99	3000	1287783
5310	0	590	99	3000	1287783
5340	0	591	99	3000	1287783
5370	0	586	99	3000	1287783
5400	0	591	100	3000	1287783
5430	0	587	99	3000	1287783
5460	0	587	99	3000	1287783
5490	0	591	99	3000	1287783
5520	0	587	100	3000	1287783
5550	0	591	99	3000	1287783
5580	0	588	100	3000	1287783
5610	0	588	99	3000	1287783
5640	0	591	100	3000	1287783
5670	0	589	100	3000	1287783
5700	0	590	99	3000	1287783
5730	0	590	99	3000	1287783
5760	0	590	100	3000	1287783
5790	0	588	99	3000	1287783
5820	0	590	100	3000	1287783
5850	0	587	99	3000	1287783
5880	0	587	99	3000	1287783
5910	0	590	100	3000	1287783
5940	0	586	99	3000	1287783
5970	0	591	99	3000	1287783
6000	0	591	99	3000	1287783
6030	0	587	99	3000	1287783
6060	0	591	99	3000	1287783
6090	0	587	99	3000	1287783
6120	0	591	99	3000	1287783
6150	0	591	99	3000	1287783
6180	0	588	99	3000	1287783
6210	0	591	99	3000	1287783
6240	0	588	99	3000	1287783
6270	0	588	100	3000	1287783
6300	0	590	99	3000	1287783
6330	0	589	99	3000	1287783
6360	0	589	99	3000	1287783
6390	0	589	99	3000	1287783
6420	0	590	100	3000	1287783
6450	0	588	99	3000	1287783
6480	0	590	100	3000	1287783
6510	0	587	99	3000	1287783
6540	0	587	99	3000	1287783
6570	0	591	99	3000	1287783
6600	0	586	99	3000	1287783
6630	0	591	99	3000	1287783
6660	0	591	99	3000	1287783
6690	0	587	99	3000	1287783
6720	0	591	99	3000	1287783
6750	0	588	99	3000	1287783
6780	0	590	100	3000	1287783
6810	0	591	99	3000	1287783
6840	0	589	99	3000	1287783
6870	0	589	99	3000	1287783
6900	0	590	99	3000	1287783
6930	0	590	100	3000	1287783
6960	0	587	99	3000	1287783
6990	0	591	100	3000	1287783
7020	0	586	99	3000	1287783
7050	0	591	99	3000	1287783
7080	0	591	99	3000	1287783
7110	0	587	99	3000	1287783
7140	0	591	99	3000	1287783
7170	0	587	100	3000	1287783
7200	0	588	100	3000	1287783
7230	0	591	99	3000	1287783
7260	0	588	100	3000	1287783
7290	0	590	100	3000	1287783
7320	0	590	99	3000	1287783
7350	0	589	100	3000	1287783
7380	0	589	99	3000	1287783
7410	0	589	100	3000	1287783
7440	0	588	99	3000	1287783
7470	0	587	99	3000	1287783
7500	0	590	99	3000	1287783
7530	0	587	99	3000	1287783
7560	0	590	99	3000	1287783
7590	0	586	99	3000	1287783
7620	0	586	99	3000	1287783
7650	0	591	99	3000	1287783
7680	0	586	99	3000	1287783
7710	0	591	99	3000	1287783
7740	0	591	99	3000	1287783
7770	0	587	99	3000	1287783
7800	0	591	99	3000	1287783
7830	0	587	99	3000	1287783
7860	0	591	99	3000	1287783
7890	0	591	99	3000	1287783
7920	0	588	100	3000	1287783
7950	0	591	99	3000	1287783
7980	0	588	99	3000	1287783
8010	0	589	99	3000	1287783
8040	0	590	99	3000	1287783
8070	0	589	100	3000	1287783
8100	0	588	99	3000	1287783
8130	0	589	99	3000	1287783
8160	0	589	99	3000	1287783
8190	0	587	99	3000	1287783
8220	0	590	99	3000	1287783
8250	0	586	99	3000	1287783
8280	0	586	99	3000	1287783
8310	0	591	99	3000	1287783
8340	0	586	99	3000	1287783
8370	0	591	99	3000	1287783
8400	0	587	99	3000	1287783
8430	0	587	100	3000	1287783
8460	0	591	99	3000	1287783
8490	0	587	99	3000	1287783
8520	0	591	99	3000	1287783
8550	0	590	99	3000	1287783
8580	0	589	99	3000	1287783
8610	0	590	100	3000	1287783
8640	0	589	99	3000	1287783
8670	0	589	100	3000	1287783
8700	0	588	99	3000	1287783
8730	0	590	100	3000	1287783
8760	0	587	99	3000	1287783
8790	0	590	99	3000	1287783
8820	0	590	100	3000	1287783
8850	0	586	99	3000	1287783
8880	0	591	99	3000	1287783
8910	0	587	99	3000	1287783
8940	0	587	99	3000	1287783
8970	0	591	99	3000	1287783
9000	0	587	99	3000	1287783
9030	0	590	99	3000	1287783
9060	0	591	99	3000	1287783
9090	0	588	99	3000	1287783
9120	0	590	100	3000	1287783
9150	0	589	100	3000	1287783
9180	0	590	99	3000	1287783
9210	0	589	99	3000	1287783
9240	0	589	100	3000	1287783
9270	0	588	99	3000	1287783
9300	0	590	100	3000	1287783
9330	0	590	99	3000	1287783
9360	0	586	99	3000	1287783
9390	0	590	100	3000	1287783
9420	0	586	99	3000	1287783
9450	0	586	99	3000	1287783
9480	0	591	99	3000	1287783
9510	0	587	99	3000	1287783
9540	0	591	99	3000	1287783
9570	0	587	99	3000	1287783
9600	0	591	99	3000	1287783
9630	0	591	99	3000	1287783
9660	0	588	99	3000	1287783
9690	0	590	99	3000	1287783
9720	0	589	99	3000	1287783
9750	0	589	99	3000	1287783
9780	0	588	99	3000	1287783
9810	0	589	99	3000	1287783
9840	0	587	99	3000	1287783
9870	0	587	99	3000	1287783
9900	0	590	100	3000	1287783
9930	0	586	99	3000	1287783
9960	0	590	99	3000	1287783
9990	0	586	99	3000	1287783
10020	0	586	99	3000	1287783
10050	0	590	99	3000	1287783
10080	0	586	99	3000	1287783
10110	0	591	99	3000	1287783
10140	0	591	99	3000	1287783
10170	0	587	99	3000	1287783
10200	0	587	99	3000	1287783
10230	0	587	99	3000	1287783
10260	0	587	99	3000	1287783
10290	0	587	99	3000	1287783
10320	0	587	99	3000	1287783
10350	0	587	99	3000	1287783
10380	0	587	99	3000	1287783
10410	0	587	99	3000	1287783
10440	0	587	99	3000	1287783
10470	0	587	99	3000	1287783
10500	0	587	99	3000	1287783
10530	0	587	99	3000	1287783
10560	0	587	99	3000	1287783
10590	0	587	99	3000	1287783
